Sample	Cartilage_H3K27ac_1	Cartilage_H3K4me3_1	Cartilage_ATAC_1	Cartilage_RNA_1	Cartilage_H3K27ac_2	Cartilage_H3K4me3_2	Cartilage_ATAC_2	Cartilage_RNA_2	Cecum_H3K27ac_1	Cecum_H3K4me3_1	Cecum_ATAC_1	Cecum_RNA_1	Cecum_H3K27ac_2	Cecum_H3K4me3_2	Cecum_ATAC_2	Cecum_RNA_2	Pituitary_gland_H3K27ac_1	Pituitary_gland_H3K4me3_1	Pituitary_gland_ATAC_1	Pituitary_gland_RNA_1	Pituitary_gland_H3K27ac_2	Pituitary_gland_H3K4me3_2	Pituitary_gland_ATAC_2	Pituitary_gland_RNA_2	Hypothalamus_H3K27ac_1	Hypothalamus_H3K4me3_1	Hypothalamus_ATAC_1	Hypothalamus_RNA_1	Hypothalamus_H3K27ac_2	Hypothalamus_H3K4me3_2	Hypothalamus_ATAC_2	Hypothalamus_RNA_2	Liver_H3K27ac_1	Liver_H3K4me3_1	Liver_ATAC_1	Liver_RNA_1	Liver_H3K27ac_2	Liver_H3K4me3_2	Liver_ATAC_2	Liver_RNA_2	Longissimus_dorsi_H3K27ac_1	Longissimus_dorsi_H3K4me3_1	Longissimus_dorsi_ATAC_1	Longissimus_dorsi_RNA_1	Longissimus_dorsi_H3K27ac_2	Longissimus_dorsi_H3K4me3_2	Longissimus_dorsi_ATAC_2	Longissimus_dorsi_RNA_2	Rumen_H3K27ac_1	Rumen_H3K4me3_1	Rumen_ATAC_1	Rumen_RNA_1	Rumen_H3K27ac_2	Rumen_H3K4me3_2	Rumen_ATAC_2	Rumen_RNA_2	Spleen_H3K27ac_1	Spleen_H3K4me3_1	Spleen_ATAC_1	Spleen_RNA_1	Spleen_H3K27ac_2	Spleen_H3K4me3_2	Spleen_ATAC_2	Spleen_RNA_2	Tailfat_H3K27ac_1	Tailfat_H3K4me3_1	Tailfat_ATAC_1	Tailfat_RNA_1	Tailfat_H3K27ac_2	Tailfat_H3K4me3_2	Tailfat_ATAC_2	Tailfat_RNA_2
Cartilage_H3K27ac_1	1	0.738047674	0.641786366	0.155977841	0.893225319	0.693838743	0.63748458	0.122705575	0.761803887	0.657019241	0.745893899	0.101853765	0.743712144	0.664920097	0.742725196	0.101941349	0.540923848	0.668965937	0.705451066	-0.002146413	0.735366068	0.691895223	0.671234931	0.022402735	0.756709233	0.678825395	0.693668107	-0.009625191	0.760114215	0.705153961	0.681854794	0.028535716	0.564107092	0.599746932	0.702946651	0.038403105	0.480089486	0.671323538	0.683041637	0.082448512	0.786109357	0.715098578	0.689012853	0.048286928	0.791775643	0.716000923	0.691186414	0.028360045	0.825579995	0.694501614	0.717567276	0.058597851	0.836167499	0.740544121	0.705097136	0.06240585	0.760528794	0.667974806	0.746556095	0.099687353	0.766946207	0.674343625	0.754301494	0.130833733	0.826285566	0.739593931	0.716385947	0.131141715	0.831031927	0.734085695	0.716076775	0.128008322
Cartilage_H3K4me3_1	0.738047674	1	0.485925631	0.105196327	0.722661362	0.879144901	0.463359034	0.064464578	0.720594997	0.866670427	0.682350366	0.119976053	0.70033451	0.850710908	0.669320215	0.137959496	0.433082907	0.842105201	0.65435865	0.055892638	0.62176432	0.853533186	0.638237232	0.065952906	0.625354096	0.85726765	0.634535743	0.020624783	0.627693763	0.856907652	0.56039832	0.05851373	0.490476244	0.844517848	0.615644089	0.055708346	0.420124564	0.852540252	0.646669589	0.133570381	0.661829983	0.825388909	0.548079989	0.024670035	0.669094855	0.853622052	0.579181048	0.037248946	0.699134507	0.877391988	0.637483208	0.060415211	0.713110602	0.844876707	0.577412604	0.091669327	0.731565598	0.85803292	0.666780615	0.074122152	0.712750828	0.86895206	0.669763647	0.160828801	0.68262429	0.845854605	0.645374949	0.118132777	0.691730876	0.868667121	0.610510285	0.120738531
Cartilage_ATAC_1	0.641786366	0.485925631	1	0.136527517	0.666888306	0.459897365	0.856651649	0.124823937	0.48659763	0.412525063	0.682259389	0.126088156	0.549211053	0.475763378	0.6917847	0.120713285	0.501364416	0.441144008	0.689174777	0.039947546	0.536625152	0.457689539	0.651794059	0.06801628	0.540713108	0.444417885	0.638353956	0.030191102	0.573425466	0.488685914	0.773006254	0.063200729	0.495172166	0.362407721	0.744681744	0.038658798	0.41550584	0.441440442	0.6659424	0.075323484	0.564866795	0.516302885	0.778105256	0.07580319	0.587903955	0.492859605	0.766722258	0.060685678	0.569350273	0.446720661	0.723757023	0.077245917	0.601628848	0.523177292	0.760579671	0.079999297	0.502774542	0.449803418	0.708178214	0.096425688	0.510017226	0.43794497	0.731784947	0.131430442	0.570962264	0.509619309	0.728335259	0.141350801	0.59174371	0.494323892	0.677367064	0.155913031
Cartilage_RNA_1	0.155977841	0.105196327	0.136527517	1	0.145670874	0.087990811	0.137728778	0.881253794	0.069497933	0.073912658	0.110280641	0.696376582	0.076852591	0.081020879	0.108025419	0.697075545	-0.012120706	0.086534616	0.123622444	0.572150441	0.112871638	0.099361107	0.144389498	0.594150393	0.107240734	0.088379599	0.103769404	0.621388346	0.104337921	0.092079021	0.121396991	0.623639185	-0.002609978	0.076221389	0.111986747	0.615122305	-0.05343919	0.083282552	0.101722233	0.637993831	0.125583431	0.1157025	0.133090582	0.618736565	0.127636518	0.1122703	0.112765211	0.6171227	0.13390929	0.101141335	0.113478679	0.685052399	0.139177152	0.123260862	0.143835883	0.602774286	0.093047906	0.084051171	0.113533466	0.698185968	0.105417239	0.09483489	0.129501983	0.699333963	0.160146153	0.125480457	0.113648226	0.788351906	0.162560208	0.126667146	0.146053224	0.777620921
Cartilage_H3K27ac_2	0.893225319	0.722661362	0.666888306	0.145670874	1	0.691448184	0.675764391	0.119294042	0.724022857	0.63570608	0.711456597	0.088223912	0.743635335	0.674468611	0.724437844	0.090843721	0.587634389	0.649984067	0.690973345	0.000990808	0.730208818	0.678045727	0.653114752	0.025548148	0.746116234	0.66110762	0.653284202	-0.007591032	0.766519466	0.701196627	0.697422166	0.031080353	0.603067429	0.566320004	0.701480649	0.027092361	0.529861996	0.657866147	0.664476586	0.069430695	0.770615413	0.71105863	0.700974864	0.043858203	0.788594954	0.706225717	0.698068352	0.023748606	0.802508786	0.674998514	0.706150726	0.055160698	0.826586973	0.7356822	0.713753033	0.059165916	0.728920291	0.658101202	0.728041238	0.079238955	0.742700193	0.657405859	0.736961062	0.114657863	0.796328563	0.722260403	0.69197269	0.121281279	0.815180977	0.714350866	0.683365822	0.125073536
Cartilage_H3K4me3_2	0.693838743	0.879144901	0.459897365	0.087990811	0.691448184	1	0.441347862	0.05677159	0.685037516	0.840857408	0.636782272	0.104930939	0.663652322	0.830140539	0.625514614	0.123760887	0.43190514	0.812470141	0.612548966	0.05619027	0.580978897	0.821011293	0.593595648	0.063935517	0.585381067	0.826661492	0.596422991	0.022038905	0.590347578	0.828204196	0.527657259	0.05821819	0.490193858	0.825132006	0.577679889	0.048102634	0.436339819	0.82691843	0.615886673	0.121345148	0.621654891	0.788707347	0.510430755	0.016576003	0.628796459	0.821242687	0.548458292	0.034427168	0.657112035	0.84749128	0.602380064	0.050130549	0.673780402	0.808420196	0.537966474	0.08259746	0.692407601	0.831921345	0.618584167	0.056694826	0.673678777	0.841599676	0.622266752	0.144175514	0.639324306	0.808922685	0.61150832	0.099583126	0.654919494	0.835074742	0.56761198	0.108797406
Cartilage_ATAC_2	0.63748458	0.463359034	0.856651649	0.137728778	0.675764391	0.441347862	1	0.128875431	0.475914397	0.393772282	0.674195977	0.129262802	0.555961351	0.473420919	0.701273844	0.126307614	0.510745399	0.427879664	0.68721286	0.033000825	0.560062166	0.453864911	0.65968876	0.067655634	0.555359022	0.431412345	0.616196213	0.02475864	0.595957844	0.484327779	0.792413807	0.06182575	0.498642661	0.329556144	0.745920104	0.037783801	0.418239862	0.428327998	0.65943797	0.079994045	0.572363462	0.514210879	0.790522251	0.080982222	0.60327732	0.488594651	0.773323948	0.061597757	0.572814108	0.434481117	0.71460447	0.079699296	0.611395448	0.525935679	0.781571149	0.084329114	0.502133129	0.437354454	0.713293698	0.107320884	0.514766918	0.426794155	0.74801288	0.138457535	0.571356377	0.50249886	0.695232062	0.147825982	0.595397869	0.482977284	0.66537821	0.161404928
Cartilage_RNA_2	0.122705575	0.064464578	0.124823937	0.881253794	0.119294042	0.05677159	0.128875431	1	0.037339542	0.029626144	0.07637826	0.671528121	0.036673125	0.035659	0.075090454	0.68492337	-0.02046685	0.04208098	0.090809826	0.57632086	0.075276086	0.051532331	0.111089267	0.611759375	0.075023568	0.043051781	0.084880265	0.62286127	0.073374881	0.047400446	0.100095278	0.633608572	-0.01085779	0.039381547	0.083595609	0.605126422	-0.049010409	0.039196701	0.082979545	0.625077133	0.088667506	0.063972896	0.106572952	0.606951723	0.089235135	0.064996333	0.096003506	0.629932247	0.097465918	0.051922989	0.089627009	0.665275529	0.104115785	0.071230343	0.116373877	0.600405538	0.052759289	0.036163401	0.073463426	0.684066005	0.065484761	0.048642705	0.092967127	0.682006229	0.122126601	0.076605338	0.093502008	0.749555746	0.128896967	0.079188503	0.122863312	0.765057906
Cecum_H3K27ac_1	0.761803887	0.720594997	0.48659763	0.069497933	0.724022857	0.685037516	0.475914397	0.037339542	1	0.764694594	0.826645546	0.147288102	0.857565407	0.727629033	0.794630699	0.146827963	0.446652496	0.694593614	0.655538927	-0.012043781	0.665741366	0.708537524	0.636974445	0.004344577	0.683497423	0.700851928	0.66172085	-0.03741782	0.673074103	0.707337544	0.577734043	0.000185931	0.523878442	0.679503275	0.651940838	0.049477196	0.449233274	0.72110117	0.677928591	0.098548786	0.726167921	0.701897137	0.578264529	0.013808297	0.736478941	0.727697413	0.608523611	0.019340504	0.820816883	0.74062652	0.693346525	0.057946209	0.814007431	0.750001593	0.631077516	0.083411329	0.824255964	0.728015543	0.723531982	0.115874565	0.818199094	0.741597427	0.720345153	0.156030622	0.761120901	0.730198233	0.666971192	0.083106867	0.758348146	0.739286818	0.654337486	0.080758873
Cecum_H3K4me3_1	0.657019241	0.866670427	0.412525063	0.073912658	0.63570608	0.840857408	0.393772282	0.029626144	0.764694594	1	0.708116134	0.165803765	0.748295655	0.884810311	0.688291647	0.18469995	0.370251714	0.844945214	0.633299291	0.067222737	0.599478588	0.858712072	0.633934714	0.075814658	0.588664924	0.855510039	0.602113179	0.015510703	0.585160338	0.847909209	0.513642481	0.052943793	0.446347237	0.862052466	0.590372583	0.071586121	0.370831666	0.867484934	0.628260246	0.157900986	0.621210324	0.815672524	0.500951757	0.017386597	0.638782701	0.852977437	0.534034195	0.0384786	0.67804224	0.888182702	0.612079883	0.076696832	0.684604107	0.849240821	0.550118328	0.123468724	0.755006768	0.885352845	0.659403068	0.106077213	0.733309743	0.899061136	0.660502303	0.198095448	0.632898944	0.82555045	0.596145276	0.110098796	0.639196119	0.856443327	0.566252969	0.109021897
Cecum_ATAC_1	0.745893899	0.682350366	0.682259389	0.110280641	0.711456597	0.636782272	0.674195977	0.07637826	0.826645546	0.708116134	1	0.188709728	0.818745937	0.689141936	0.945243449	0.188034419	0.425845889	0.684964	0.835577552	0.025112669	0.688618141	0.705714139	0.808845344	0.052698256	0.68091131	0.679787087	0.797812449	-0.00467173	0.685744808	0.696722356	0.748307371	0.037962635	0.465027726	0.6178192	0.834681052	0.066909628	0.354116154	0.67873446	0.822173572	0.127452771	0.721532324	0.713787297	0.773693031	0.060234539	0.734724919	0.715779676	0.788412205	0.047337362	0.775652108	0.702766913	0.854837478	0.098277843	0.800954908	0.75932893	0.821265806	0.120326745	0.751248365	0.679631443	0.876186628	0.150162239	0.748525499	0.692721501	0.877768552	0.187203648	0.745320869	0.731144675	0.816275767	0.142479194	0.740247745	0.730709247	0.816717349	0.13678112
Cecum_RNA_1	0.101853765	0.119976053	0.126088156	0.696376582	0.088223912	0.104930939	0.129262802	0.671528121	0.147288102	0.165803765	0.188709728	1	0.157634611	0.171830319	0.174371364	0.891148875	-0.023722851	0.142787222	0.163176979	0.598874072	0.126333736	0.152991281	0.193575738	0.612801651	0.097060397	0.133941456	0.120655574	0.599151762	0.092698205	0.130213889	0.128684789	0.607630224	0.006718085	0.151376695	0.147174109	0.648437143	-0.058589631	0.144591235	0.139593033	0.704471434	0.099043616	0.138966257	0.134234694	0.571760368	0.109526895	0.148081337	0.120642726	0.586977232	0.134690328	0.15854323	0.147810903	0.746107922	0.138641513	0.168404889	0.17284039	0.717959746	0.141707819	0.153407723	0.148960596	0.724832317	0.139364869	0.165581248	0.166116645	0.768144914	0.123418536	0.144434088	0.117997415	0.727672465	0.127091118	0.153297031	0.14127825	0.709031935
Cecum_H3K27ac_2	0.743712144	0.70033451	0.549211053	0.076852591	0.743635335	0.663652322	0.555961351	0.036673125	0.857565407	0.748295655	0.818745937	0.157634611	1	0.774052547	0.825210715	0.163435932	0.500237871	0.690026486	0.689755012	-0.007841166	0.694666079	0.726379577	0.668916047	0.013314236	0.693096308	0.698883329	0.621310347	-0.039320303	0.715050294	0.733412368	0.652420924	0.003818085	0.542093551	0.620392008	0.712036777	0.044758777	0.462049854	0.720406195	0.685886221	0.105081552	0.726682629	0.758311066	0.659334622	0.021255307	0.774269599	0.753546363	0.660513339	0.008689024	0.789050454	0.727907015	0.713671628	0.070974062	0.810123978	0.797088297	0.712086088	0.09935534	0.781108498	0.736727321	0.764640493	0.10062068	0.798896372	0.736366358	0.757396977	0.154314433	0.729782103	0.739474178	0.651646013	0.106219489	0.739430345	0.738730425	0.648752098	0.102966924
Cecum_H3K4me3_2	0.664920097	0.850710908	0.475763378	0.081020879	0.674468611	0.830140539	0.473420919	0.035659	0.727629033	0.884810311	0.689141936	0.171830319	0.774052547	1	0.693664074	0.192938799	0.43555296	0.829252734	0.64985141	0.077183148	0.623099672	0.85487291	0.651114452	0.088108739	0.604062988	0.841399021	0.564549108	0.021789164	0.624154766	0.856811238	0.564375329	0.061836807	0.50417587	0.817618845	0.621930687	0.07046442	0.420311057	0.857745	0.622314937	0.158631081	0.635862396	0.832577611	0.557263281	0.028748581	0.671471299	0.859357288	0.568417773	0.041189221	0.673085823	0.8700163	0.619159026	0.087175147	0.694574792	0.861462661	0.60154274	0.136612352	0.74076215	0.886722246	0.674890134	0.100207662	0.728940809	0.890430896	0.677898532	0.19796179	0.627621928	0.823918186	0.582070221	0.123834323	0.644887095	0.842973219	0.551988963	0.124761654
Cecum_ATAC_2	0.742725196	0.669320215	0.6917847	0.108025419	0.724437844	0.625514614	0.701273844	0.075090454	0.794630699	0.688291647	0.945243449	0.174371364	0.825210715	0.693664074	1	0.179059399	0.471748408	0.6735833	0.834087122	0.015770508	0.702377577	0.704729591	0.80254766	0.047149813	0.68866921	0.6709605	0.778411499	-0.012007778	0.710378252	0.703967669	0.783571178	0.034675152	0.496140765	0.58113339	0.853301176	0.054657928	0.389239935	0.672549752	0.827880525	0.122706392	0.72017252	0.726448119	0.79562845	0.056313706	0.749248499	0.719343878	0.810076391	0.038114902	0.761743036	0.687440261	0.854692106	0.0881505	0.798348691	0.767855846	0.846990563	0.112116068	0.742293567	0.674080084	0.890748106	0.141559373	0.746807751	0.684020972	0.891267743	0.18325775	0.736966497	0.731901662	0.798922132	0.140889456	0.738374201	0.725441011	0.80952422	0.138212587
Cecum_RNA_2	0.101941349	0.137959496	0.120713285	0.697075545	0.090843721	0.123760887	0.126307614	0.68492337	0.146827963	0.18469995	0.188034419	0.891148875	0.163435932	0.192938799	0.179059399	1	-0.023472842	0.161015025	0.166563245	0.598595994	0.128009719	0.173188823	0.200260107	0.627830786	0.095127689	0.1526499	0.121446467	0.595857212	0.09336233	0.148916808	0.129339041	0.618657626	0.006768104	0.171995052	0.148735805	0.6495536	-0.058282755	0.166820857	0.147500987	0.727485353	0.098152437	0.155946252	0.132763478	0.574903955	0.112062998	0.168065926	0.123976462	0.603198648	0.133184584	0.176781572	0.148077466	0.745451433	0.141088708	0.186428609	0.172944195	0.730647847	0.149036886	0.174961927	0.154486757	0.731770153	0.147049574	0.188752979	0.172274774	0.792044726	0.123616835	0.16205153	0.120664655	0.730916566	0.129031021	0.173586321	0.145989395	0.725912543
Pituitary_gland_H3K27ac_1	0.540923848	0.433082907	0.501364416	-0.012120706	0.587634389	0.43190514	0.510745399	-0.02046685	0.446652496	0.370251714	0.425845889	-0.023722851	0.500237871	0.43555296	0.471748408	-0.023472842	1	0.404003479	0.465149355	-0.039010526	0.524531777	0.420203728	0.382456753	-0.033500164	0.503352286	0.398393054	0.426109231	-0.03514111	0.536616882	0.449316688	0.58427775	-0.015744628	0.632347744	0.292506548	0.509983801	-0.054291498	0.643775514	0.399274768	0.465458633	-0.038360546	0.479820491	0.449193966	0.502780508	-0.034807026	0.509906796	0.422347264	0.519834046	-0.057789846	0.482086487	0.377944257	0.484314077	-0.04529464	0.513655616	0.446199468	0.491130912	-0.052270588	0.439124546	0.396215002	0.486176554	-0.063985265	0.446031781	0.370072902	0.475615218	-0.032848	0.475684201	0.430381223	0.454453927	-0.008235497	0.505573	0.414374376	0.392551776	0.011122399
Pituitary_gland_H3K4me3_1	0.668965937	0.842105201	0.441144008	0.086534616	0.649984067	0.812470141	0.427879664	0.04208098	0.694593614	0.844945214	0.684964	0.142787222	0.690026486	0.829252734	0.6735833	0.161015025	0.404003479	1	0.724014061	0.137838628	0.705975989	0.901444488	0.726523965	0.147374693	0.634146871	0.857389675	0.654167075	0.054199084	0.628305697	0.850197642	0.564030558	0.082015829	0.424893962	0.810934599	0.615670967	0.067681063	0.339991029	0.828136447	0.636534032	0.151586609	0.641502556	0.817613569	0.551453384	0.040168322	0.656365944	0.839040959	0.572396056	0.052650208	0.674650017	0.855492689	0.630977452	0.083612995	0.690975107	0.84121243	0.58739786	0.12901884	0.703676912	0.831376267	0.664721244	0.092254254	0.685718829	0.845317554	0.670616487	0.177957841	0.632873405	0.813902048	0.610231025	0.121675342	0.642432111	0.842219008	0.594859674	0.120623417
Pituitary_gland_ATAC_1	0.705451066	0.65435865	0.689174777	0.123622444	0.690973345	0.612548966	0.68721286	0.090809826	0.655538927	0.633299291	0.835577552	0.163176979	0.689755012	0.64985141	0.834087122	0.166563245	0.465149355	0.724014061	1	0.144409864	0.793913376	0.752998492	0.93205408	0.167670389	0.690072628	0.678138906	0.807556973	0.064001023	0.701406734	0.703498579	0.779385814	0.092825869	0.428307243	0.563261679	0.820797187	0.065861198	0.308951078	0.637879631	0.779240489	0.129703631	0.707516545	0.720487632	0.80819342	0.100690042	0.721630531	0.706243408	0.800483103	0.077639485	0.702775803	0.664357433	0.820689598	0.110142853	0.742142719	0.738185123	0.822181135	0.135887314	0.653256957	0.638067068	0.828851301	0.136049807	0.653332263	0.64597918	0.835001099	0.1766821	0.676793051	0.703897297	0.770500617	0.157781524	0.681075331	0.699495741	0.782171327	0.155297522
Pituitary_gland_RNA_1	-0.002146413	0.055892638	0.039947546	0.572150441	0.000990808	0.05619027	0.033000825	0.57632086	-0.012043781	0.067222737	0.025112669	0.598874072	-0.007841166	0.077183148	0.015770508	0.598595994	-0.039010526	0.137838628	0.144409864	1	0.165711815	0.143889565	0.209087095	0.882523414	0.03048495	0.085159757	0.05841253	0.73332995	0.018169127	0.071876542	0.031449989	0.66553083	-0.043059618	0.08748785	0.025103537	0.545190557	-0.087962655	0.063128287	0.026513623	0.535424399	0.005863216	0.054340811	0.036007913	0.52577201	0.004530457	0.066442064	0.025722042	0.556932151	-0.00450213	0.069051895	0.021567848	0.608042844	0.001932591	0.059154466	0.036088521	0.595542179	0.006328169	0.067040436	0.007155288	0.56281036	-0.005391027	0.073991841	0.023108665	0.555625906	-0.016461186	0.045571208	0.01706683	0.55795232	-6.97E-05	0.061251919	0.025147058	0.565650724
Pituitary_gland_H3K27ac_2	0.735366068	0.62176432	0.536625152	0.112871638	0.730208818	0.580978897	0.560062166	0.075276086	0.665741366	0.599478588	0.688618141	0.126333736	0.694666079	0.623099672	0.702377577	0.128009719	0.524531777	0.705975989	0.793913376	0.165711815	1	0.754128109	0.796924118	0.187477035	0.75047457	0.651931946	0.675685884	0.062160123	0.747592315	0.67839429	0.665962497	0.079975136	0.458950689	0.517308012	0.667656885	0.055057813	0.364755994	0.610666421	0.624736074	0.102906337	0.718407424	0.689297385	0.668878883	0.08335814	0.744121588	0.67822561	0.650258682	0.061465483	0.735870048	0.635450372	0.657738873	0.093392384	0.757371245	0.715514065	0.683228517	0.117988372	0.673532721	0.609185992	0.69923329	0.119840294	0.684567645	0.616986421	0.712076034	0.146328396	0.695093299	0.670858712	0.602689825	0.127433737	0.707518178	0.670262466	0.631105064	0.12105555
Pituitary_gland_H3K4me3_2	0.691895223	0.853533186	0.457689539	0.099361107	0.678045727	0.821011293	0.453864911	0.051532331	0.708537524	0.858712072	0.705714139	0.152991281	0.726379577	0.85487291	0.704729591	0.173188823	0.420203728	0.901444488	0.752998492	0.143889565	0.754128109	1	0.760197872	0.159257794	0.670374703	0.878182083	0.668317132	0.05713775	0.670799616	0.880177083	0.596573296	0.087597747	0.432283169	0.808786037	0.646646825	0.072844532	0.338993827	0.847065972	0.655808001	0.163353424	0.670351739	0.851784341	0.586196586	0.048475898	0.694905366	0.870594982	0.598851188	0.056490766	0.7002053	0.873964008	0.650423629	0.094856786	0.722682544	0.879518242	0.624453565	0.141461336	0.724097515	0.851190564	0.698913514	0.105334444	0.713589006	0.866517514	0.7052501	0.190891034	0.656429553	0.842978623	0.618658899	0.136434533	0.666946317	0.867822379	0.615590263	0.132709157
Pituitary_gland_ATAC_2	0.671234931	0.638237232	0.651794059	0.144389498	0.653114752	0.593595648	0.65968876	0.111089267	0.636974445	0.633934714	0.808845344	0.193575738	0.668916047	0.651114452	0.80254766	0.200260107	0.382456753	0.726523965	0.93205408	0.209087095	0.796924118	0.760197872	1	0.236973263	0.666979555	0.676739021	0.769294309	0.09518265	0.67131147	0.69389467	0.7361717	0.12287597	0.36949003	0.574601236	0.771013345	0.095491135	0.235206029	0.636332367	0.733123609	0.164416035	0.683416283	0.702396293	0.767134356	0.126994689	0.699509437	0.700226257	0.753234275	0.115910226	0.682765782	0.66624769	0.769123969	0.139936833	0.712754761	0.724547244	0.786150737	0.179715377	0.647695009	0.642516074	0.790536885	0.170772532	0.6467727	0.65514414	0.812601166	0.216763051	0.643001008	0.685138189	0.723260638	0.178353179	0.648503113	0.688986288	0.744947357	0.176956268
Pituitary_gland_RNA_2	0.022402735	0.065952906	0.06801628	0.594150393	0.025548148	0.063935517	0.067655634	0.611759375	0.004344577	0.075814658	0.052698256	0.612801651	0.013314236	0.088108739	0.047149813	0.627830786	-0.033500164	0.147374693	0.167670389	0.882523414	0.187477035	0.159257794	0.236973263	1	0.05798864	0.097553563	0.084375702	0.739857191	0.046784122	0.087572349	0.066178866	0.690920695	-0.037068964	0.095824871	0.054782261	0.556480942	-0.089365483	0.076123993	0.053934979	0.560072782	0.02859957	0.072441144	0.068025813	0.540194737	0.031126738	0.084416366	0.057137004	0.583518527	0.022124441	0.082359556	0.049128567	0.61817958	0.032398231	0.081136575	0.073729888	0.612244808	0.024267905	0.077448887	0.036133804	0.586715349	0.01709104	0.087780195	0.058085967	0.592252738	0.011588236	0.064309419	0.0395582	0.579454626	0.028694462	0.079974089	0.057030331	0.603092138
Hypothalamus_H3K27ac_1	0.756709233	0.625354096	0.540713108	0.107240734	0.746116234	0.585381067	0.555359022	0.075023568	0.683497423	0.588664924	0.68091131	0.097060397	0.693096308	0.604062988	0.68866921	0.095127689	0.503352286	0.634146871	0.690072628	0.03048495	0.75047457	0.670374703	0.666979555	0.05798864	1	0.689536022	0.759030311	0.081087293	0.905350277	0.723518295	0.713931066	0.137655992	0.488662794	0.507692721	0.654084767	0.031030717	0.406357541	0.598487928	0.61615935	0.066881635	0.726982882	0.670632208	0.650049905	0.061459105	0.746849643	0.661882662	0.640911188	0.035529638	0.755668719	0.625775281	0.652986162	0.066167386	0.770507116	0.695236039	0.665093133	0.073237534	0.68784202	0.601766965	0.696022465	0.101001242	0.700089694	0.606413838	0.703479151	0.120749627	0.730176828	0.668157908	0.619133894	0.115524761	0.734399526	0.662044824	0.639969252	0.108444182
Hypothalamus_H3K4me3_1	0.678825395	0.85726765	0.444417885	0.088379599	0.66110762	0.826661492	0.431412345	0.043051781	0.700851928	0.855510039	0.679787087	0.133941456	0.698883329	0.841399021	0.6709605	0.1526499	0.398393054	0.857389675	0.678138906	0.085159757	0.651931946	0.878182083	0.676739021	0.097553563	0.689536022	1	0.682199872	0.064330645	0.686740076	0.895132391	0.58914145	0.10967723	0.440089511	0.819557984	0.613181988	0.057992812	0.357683861	0.840890163	0.63185086	0.143207776	0.649687792	0.830425189	0.548181868	0.033148438	0.666911573	0.854880911	0.571171277	0.043816825	0.682957875	0.868504148	0.625444791	0.073882046	0.697127491	0.84930367	0.583227774	0.112980218	0.719988322	0.849569982	0.670978909	0.087904362	0.704256868	0.862507665	0.675137828	0.174742654	0.647942226	0.830819268	0.614239505	0.123479056	0.654484963	0.855677924	0.595279961	0.120456475
Hypothalamus_ATAC_1	0.693668107	0.634535743	0.638353956	0.103769404	0.653284202	0.596422991	0.616196213	0.084880265	0.66172085	0.602113179	0.797812449	0.120655574	0.621310347	0.564549108	0.778411499	0.121446467	0.426109231	0.654167075	0.807556973	0.05841253	0.675685884	0.668317132	0.769294309	0.084375702	0.759030311	0.682199872	1	0.071732045	0.741406732	0.689545613	0.785371968	0.116188859	0.404168372	0.561002321	0.754495782	0.043277617	0.327183087	0.597708179	0.766772921	0.089979572	0.667127286	0.650993343	0.715571259	0.071598605	0.665197293	0.648150073	0.756160833	0.064097357	0.693154279	0.624010612	0.788707234	0.069699783	0.710135548	0.667168666	0.735393283	0.082597382	0.641629048	0.585653388	0.774501537	0.119448367	0.636471112	0.601841015	0.779980939	0.144231533	0.677919598	0.663774561	0.793325628	0.115170977	0.674857768	0.672391741	0.785198367	0.118231291
Hypothalamus_RNA_1	-0.009625191	0.020624783	0.030191102	0.621388346	-0.007591032	0.022038905	0.02475864	0.62286127	-0.03741782	0.015510703	-0.00467173	0.599151762	-0.039320303	0.021789164	-0.012007778	0.595857212	-0.03514111	0.054199084	0.064001023	0.73332995	0.062160123	0.05713775	0.09518265	0.739857191	0.081087293	0.064330645	0.071732045	1	0.063690904	0.059605197	0.047340625	0.8397707	-0.035320689	0.035728928	0.004361954	0.538330891	-0.06406938	0.016225501	0.001758413	0.523334898	-0.007591874	0.014487894	0.018488305	0.554248115	-0.010594022	0.022814285	0.010456394	0.566981285	-0.018469051	0.02206825	-0.00236424	0.60898517	-0.006686216	0.017628737	0.008987544	0.555067785	-0.015527572	0.018742108	-0.009011811	0.58157636	-0.020155377	0.025579486	0.004962526	0.571363223	-0.007284882	0.013857905	0.002797898	0.607227434	0.004509664	0.02441586	0.014613897	0.608661697
Hypothalamus_H3K27ac_2	0.760114215	0.627693763	0.573425466	0.104337921	0.766519466	0.590347578	0.595957844	0.073374881	0.673074103	0.585160338	0.685744808	0.092698205	0.715050294	0.624154766	0.710378252	0.09336233	0.536616882	0.628305697	0.701406734	0.018169127	0.747592315	0.670799616	0.67131147	0.046784122	0.905350277	0.686740076	0.741406732	0.063690904	1	0.742147132	0.750274555	0.132554359	0.522331005	0.489497802	0.685060038	0.024220466	0.439965536	0.603640689	0.632458899	0.065415319	0.736581139	0.69253245	0.687058222	0.060050144	0.76723991	0.677215064	0.672663998	0.028929723	0.753198315	0.627772901	0.672409575	0.063718749	0.781299348	0.715430127	0.703889934	0.071701377	0.680340422	0.605191844	0.720024819	0.087276403	0.699153635	0.607946009	0.723803067	0.112654295	0.732229234	0.683806242	0.62713313	0.119609177	0.740882262	0.668553684	0.648990729	0.114780005
Hypothalamus_H3K4me3_2	0.705153961	0.856907652	0.488685914	0.092079021	0.701196627	0.828204196	0.484327779	0.047400446	0.707337544	0.847909209	0.696722356	0.130213889	0.733412368	0.856811238	0.703967669	0.148916808	0.449316688	0.850197642	0.703498579	0.071876542	0.67839429	0.880177083	0.69389467	0.087572349	0.723518295	0.895132391	0.689545613	0.059605197	0.742147132	1	0.641827074	0.114051386	0.48601734	0.793406274	0.654348903	0.051912502	0.400801746	0.841934627	0.65633898	0.137018998	0.680342284	0.853518029	0.599256578	0.036340689	0.708128825	0.869840291	0.61389809	0.039181663	0.703927681	0.866647474	0.65587467	0.071859221	0.729928901	0.87245753	0.634189644	0.108506311	0.729364479	0.850838838	0.708021025	0.084007152	0.72202083	0.861155465	0.70911081	0.170445309	0.673369686	0.847773999	0.631623757	0.128899624	0.683460501	0.862819914	0.617062704	0.12721826
Hypothalamus_ATAC_2	0.681854794	0.56039832	0.773006254	0.121396991	0.697422166	0.527657259	0.792413807	0.100095278	0.577734043	0.513642481	0.748307371	0.128684789	0.652420924	0.564375329	0.783571178	0.129339041	0.58427775	0.564030558	0.779385814	0.031449989	0.665962497	0.596573296	0.7361717	0.066178866	0.713931066	0.58914145	0.785371968	0.047340625	0.750274555	0.641827074	1	0.100100934	0.535824096	0.426364911	0.814104455	0.031600069	0.46252326	0.540529336	0.747730705	0.089887738	0.651045373	0.639441892	0.817910915	0.076130617	0.688817108	0.608184893	0.822908553	0.049422899	0.652511539	0.546512549	0.786619867	0.07043634	0.694046762	0.648217582	0.829535082	0.077086487	0.590428918	0.539647125	0.80399787	0.098902458	0.6035358	0.533237595	0.820589218	0.140391097	0.640933689	0.615674517	0.745406543	0.142653489	0.658814458	0.603145988	0.728481638	0.153056488
Hypothalamus_RNA_2	0.028535716	0.05851373	0.063200729	0.623639185	0.031080353	0.05821819	0.06182575	0.633608572	0.000185931	0.052943793	0.037962635	0.607630224	0.003818085	0.061836807	0.034675152	0.618657626	-0.015744628	0.082015829	0.092825869	0.66553083	0.079975136	0.087597747	0.12287597	0.690920695	0.137655992	0.10967723	0.116188859	0.8397707	0.132554359	0.114051386	0.100100934	1	-0.012649537	0.068132903	0.046142225	0.525210188	-0.043907811	0.054895923	0.046103759	0.544715119	0.031192605	0.057600618	0.056966281	0.549664023	0.032831229	0.066460874	0.053329315	0.571689087	0.019958728	0.060286676	0.039612244	0.596233384	0.032533519	0.060184752	0.053366704	0.558563027	0.020950098	0.056419291	0.035342983	0.570465536	0.01898211	0.064339474	0.050909219	0.591414972	0.032579281	0.055677149	0.041607802	0.617754803	0.042535539	0.066375576	0.055942888	0.633759589
Liver_H3K27ac_1	0.564107092	0.490476244	0.495172166	-0.002609978	0.603067429	0.490193858	0.498642661	-0.01085779	0.523878442	0.446347237	0.465027726	0.006718085	0.542093551	0.50417587	0.496140765	0.006768104	0.632347744	0.424893962	0.428307243	-0.043059618	0.458950689	0.432283169	0.36949003	-0.037068964	0.488662794	0.440089511	0.404168372	-0.035320689	0.522331005	0.48601734	0.535824096	-0.012649537	1	0.406458723	0.534113271	0.000808047	0.658936359	0.484488301	0.507888619	0.014049781	0.509490419	0.473165155	0.484587307	-0.028505533	0.530852783	0.471955028	0.505158781	-0.033385728	0.523426429	0.448474291	0.482782492	-0.031499254	0.539824082	0.47716107	0.480174601	-0.024406236	0.537782583	0.480257978	0.505512777	-0.022710495	0.53004259	0.46099574	0.498118756	0.018871841	0.519379372	0.47737664	0.470449211	0.007246588	0.541704766	0.462042772	0.404687129	0.026659838
Liver_H3K4me3_1	0.599746932	0.844517848	0.362407721	0.076221389	0.566320004	0.825132006	0.329556144	0.039381547	0.679503275	0.862052466	0.6178192	0.151376695	0.620392008	0.817618845	0.58113339	0.171995052	0.292506548	0.810934599	0.563261679	0.08748785	0.517308012	0.808786037	0.574601236	0.095824871	0.507692721	0.819557984	0.561002321	0.035728928	0.489497802	0.793406274	0.426364911	0.068132903	0.406458723	1	0.542054701	0.131629863	0.330510959	0.863899452	0.611300568	0.203502405	0.557207108	0.749921268	0.41726505	0.027302259	0.555760781	0.802867381	0.465017151	0.067500498	0.60601507	0.852900745	0.540826367	0.07238273	0.599188497	0.771277743	0.454162932	0.123843319	0.69305777	0.845116759	0.561432709	0.104084448	0.66057337	0.864746782	0.572786035	0.205166502	0.583049703	0.775848861	0.562616283	0.115506514	0.588769756	0.819137924	0.522672966	0.119823542
Liver_ATAC_1	0.702946651	0.615644089	0.744681744	0.111986747	0.701480649	0.577679889	0.745920104	0.083595609	0.651940838	0.590372583	0.834681052	0.147174109	0.712036777	0.621930687	0.853301176	0.148735805	0.509983801	0.615670967	0.820797187	0.025103537	0.667656885	0.646646825	0.771013345	0.054782261	0.654084767	0.613181988	0.754495782	0.004361954	0.685060038	0.654348903	0.814104455	0.046142225	0.534113271	0.542054701	1	0.100559106	0.429019945	0.632861179	0.900058007	0.150786386	0.687288156	0.691094576	0.832823509	0.071727018	0.717473637	0.667031133	0.836482286	0.048987107	0.688290472	0.612473194	0.829598493	0.081312189	0.7298969	0.705011221	0.842025614	0.097347903	0.647194	0.604478386	0.852505006	0.113450905	0.655487571	0.604342845	0.852609225	0.158296639	0.691299391	0.679581792	0.796586893	0.151348077	0.698090138	0.668541412	0.796354703	0.153117141
Liver_RNA_1	0.038403105	0.055708346	0.038658798	0.615122305	0.027092361	0.048102634	0.037783801	0.605126422	0.049477196	0.071586121	0.066909628	0.648437143	0.044758777	0.07046442	0.054657928	0.6495536	-0.054291498	0.067681063	0.065861198	0.545190557	0.055057813	0.072844532	0.095491135	0.556480942	0.031030717	0.057992812	0.043277617	0.538330891	0.024220466	0.051912502	0.031600069	0.525210188	0.000808047	0.131629863	0.100559106	1	-0.056682928	0.100486824	0.121601163	0.810234249	0.054037923	0.064675422	0.051788701	0.56727762	0.05383937	0.074377999	0.043284835	0.581408106	0.056744088	0.074992805	0.047511765	0.638594889	0.053900235	0.073750308	0.058153874	0.611362667	0.053041931	0.067514857	0.040264688	0.604732327	0.054187722	0.077351949	0.054087805	0.605651073	0.067409755	0.071006891	0.048449297	0.638813865	0.072425896	0.080662155	0.071425849	0.633478481
Liver_H3K27ac_2	0.480089486	0.420124564	0.41550584	-0.05343919	0.529861996	0.436339819	0.418239862	-0.049010409	0.449233274	0.370831666	0.354116154	-0.058589631	0.462049854	0.420311057	0.389239935	-0.058282755	0.643775514	0.339991029	0.308951078	-0.087962655	0.364755994	0.338993827	0.235206029	-0.089365483	0.406357541	0.357683861	0.327183087	-0.06406938	0.439965536	0.400801746	0.46252326	-0.043907811	0.658936359	0.330510959	0.429019945	-0.056682928	1	0.401976347	0.425852638	-0.054774818	0.416206214	0.382279049	0.379694223	-0.072547397	0.438719844	0.380004414	0.42377467	-0.073965555	0.433975441	0.357964653	0.397388062	-0.084415693	0.449735059	0.381093277	0.373455792	-0.08672593	0.442442021	0.393677872	0.394803036	-0.094542093	0.439610243	0.371453271	0.383001843	-0.05734537	0.430591249	0.382826038	0.395578674	-0.057943308	0.461579288	0.375708636	0.307485738	-0.028321775
Liver_H3K4me3_2	0.671323538	0.852540252	0.441440442	0.083282552	0.657866147	0.82691843	0.428327998	0.039196701	0.72110117	0.867484934	0.67873446	0.144591235	0.720406195	0.857745	0.672549752	0.166820857	0.399274768	0.828136447	0.637879631	0.063128287	0.610666421	0.847065972	0.636332367	0.076123993	0.598487928	0.840890163	0.597708179	0.016225501	0.603640689	0.841934627	0.540529336	0.054895923	0.484488301	0.863899452	0.632861179	0.100486824	0.401976347	1	0.667474023	0.189231844	0.637371531	0.817292745	0.529991413	0.026375962	0.661114173	0.850967049	0.559219699	0.045542405	0.675173225	0.865159973	0.612242578	0.067739244	0.687341844	0.840804113	0.566759108	0.113558825	0.749506712	0.870504088	0.670129034	0.104598762	0.733972878	0.883989783	0.674004051	0.201808522	0.650930357	0.82458095	0.604663051	0.125118732	0.660770552	0.852404744	0.579651314	0.12506782
Liver_ATAC_2	0.683041637	0.646669589	0.6659424	0.101722233	0.664476586	0.615886673	0.65943797	0.082979545	0.677928591	0.628260246	0.822173572	0.139593033	0.685886221	0.622314937	0.827880525	0.147500987	0.465458633	0.636534032	0.779240489	0.026513623	0.624736074	0.655808001	0.733123609	0.053934979	0.61615935	0.63185086	0.766772921	0.001758413	0.632458899	0.65633898	0.747730705	0.046103759	0.507888619	0.611300568	0.900058007	0.121601163	0.425852638	0.667474023	1	0.185996213	0.661999899	0.677515406	0.750013554	0.066742401	0.678719742	0.671476641	0.792205536	0.062425002	0.675255869	0.635016209	0.803918266	0.07022367	0.706601638	0.692716651	0.768236959	0.093115698	0.653695161	0.620602992	0.808022856	0.109247597	0.655285956	0.63083381	0.81108159	0.16048282	0.681118256	0.684209448	0.800717147	0.132236909	0.687797374	0.688722379	0.795471091	0.143961902
Liver_RNA_2	0.082448512	0.133570381	0.075323484	0.637993831	0.069430695	0.121345148	0.079994045	0.625077133	0.098548786	0.157900986	0.127452771	0.704471434	0.105081552	0.158631081	0.122706392	0.727485353	-0.038360546	0.151586609	0.129703631	0.535424399	0.102906337	0.163353424	0.164416035	0.560072782	0.066881635	0.143207776	0.089979572	0.523334898	0.065415319	0.137018998	0.089887738	0.544715119	0.014049781	0.203502405	0.150786386	0.810234249	-0.054774818	0.189231844	0.185996213	1	0.092481128	0.150335956	0.103500302	0.559164351	0.101499506	0.162748086	0.097114957	0.588021703	0.098321519	0.160436526	0.097735494	0.632526592	0.099387494	0.160346041	0.11454944	0.634220086	0.1198988	0.15924259	0.113554171	0.618917678	0.118151105	0.173559602	0.13057687	0.702996774	0.109352689	0.153841731	0.09900944	0.696050079	0.113981223	0.16738701	0.12591247	0.691300651
Longissimus_dorsi_H3K27ac_1	0.786109357	0.661829983	0.564866795	0.125583431	0.770615413	0.621654891	0.572363462	0.088667506	0.726167921	0.621210324	0.721532324	0.099043616	0.726682629	0.635862396	0.72017252	0.098152437	0.479820491	0.641502556	0.707516545	0.005863216	0.718407424	0.670351739	0.683416283	0.02859957	0.726982882	0.649687792	0.667127286	-0.007591874	0.736581139	0.680342284	0.651045373	0.031192605	0.509490419	0.557207108	0.687288156	0.054037923	0.416206214	0.637371531	0.661999899	0.092481128	1	0.756172027	0.764023816	0.176329639	0.908265249	0.751532034	0.748855378	0.149286775	0.811021347	0.66810755	0.70823396	0.081678156	0.824684589	0.725524647	0.702151219	0.074001861	0.712501535	0.631308339	0.713339014	0.098208746	0.725469888	0.636266493	0.71638229	0.122499338	0.799668262	0.7154327	0.687688502	0.146383635	0.801825596	0.706120341	0.705573641	0.147340124
Longissimus_dorsi_H3K4me3_1	0.715098578	0.825388909	0.516302885	0.1157025	0.71105863	0.788707347	0.514210879	0.063972896	0.701897137	0.815672524	0.713787297	0.138966257	0.758311066	0.832577611	0.726448119	0.155946252	0.449193966	0.817613569	0.720487632	0.054340811	0.689297385	0.851784341	0.702396293	0.072441144	0.670632208	0.830425189	0.650993343	0.014487894	0.69253245	0.853518029	0.639441892	0.057600618	0.473165155	0.749921268	0.691094576	0.064675422	0.382279049	0.817292745	0.677515406	0.150335956	0.756172027	1	0.688529219	0.104799259	0.785934635	0.893250615	0.688273302	0.092410828	0.72585447	0.842644596	0.689808055	0.09111985	0.755133715	0.878569369	0.678343144	0.112039406	0.718320152	0.822860402	0.733174338	0.096431431	0.720903707	0.826756027	0.72911998	0.173645134	0.701746556	0.849563083	0.66184126	0.16209891	0.710775483	0.857106304	0.659324552	0.157235609
Longissimus_dorsi_ATAC_1	0.689012853	0.548079989	0.778105256	0.133090582	0.700974864	0.510430755	0.790522251	0.106572952	0.578264529	0.500951757	0.773693031	0.134234694	0.659334622	0.557263281	0.79562845	0.132763478	0.502780508	0.551453384	0.80819342	0.036007913	0.668878883	0.586196586	0.767134356	0.068025813	0.650049905	0.548181868	0.715571259	0.018488305	0.687058222	0.599256578	0.817910915	0.056966281	0.484587307	0.41726505	0.832823509	0.051788701	0.379694223	0.529991413	0.750013554	0.103500302	0.764023816	0.688529219	1	0.157767421	0.785047986	0.649012153	0.912364921	0.122457178	0.679222324	0.548302806	0.807071758	0.096407448	0.725504621	0.658231543	0.849116299	0.095370449	0.586043205	0.530055084	0.809025347	0.1157361	0.601607137	0.524500781	0.818501074	0.143449297	0.675863958	0.628366393	0.7787167	0.170179764	0.688411572	0.608337295	0.783387976	0.174725279
Longissimus_dorsi_RNA_1	0.048286928	0.024670035	0.07580319	0.618736565	0.043858203	0.016576003	0.080982222	0.606951723	0.013808297	0.017386597	0.060234539	0.571760368	0.021255307	0.028748581	0.056313706	0.574903955	-0.034807026	0.040168322	0.100690042	0.52577201	0.08335814	0.048475898	0.126994689	0.540194737	0.061459105	0.033148438	0.071598605	0.554248115	0.060050144	0.036340689	0.076130617	0.549664023	-0.028505533	0.027302259	0.071727018	0.56727762	-0.072547397	0.026375962	0.066742401	0.559164351	0.176329639	0.104799259	0.157767421	1	0.165121298	0.098225854	0.128567075	0.837035865	0.074813108	0.042047384	0.082142193	0.629134745	0.083492898	0.061031243	0.105759231	0.545595246	0.02342782	0.020674768	0.056454979	0.547423578	0.028916795	0.027275095	0.068936585	0.535130541	0.084606181	0.059952333	0.068180017	0.655257268	0.090232505	0.060041204	0.099419509	0.662247323
